NA 11.7079 8.569158 8.662929 7.502179
8.512851 8.518205 6.476781 5.656019 6.620191
7.636529 15.75613 13.8794 10.54881 7.438064
6.213461 19.74726 18.39344 16.84361 14.95078
12.64483 10.53951 23.72392 21.51403 20.50681
19.64456 18.2459 16.4747 14.41236 27.82267
27.38107 26.4357 24.68297 22.24034 19.66969
18.24272 17.43 29.43832 30.13624 29.9418
29.02044 27.13754 24.09488 21.68182 20.8556
19.89244 27.5692 27.1439 26.78394 27.02627
27.87149 28.10599 26.62041 24.68516 23.08733
21.50695 26.68942 25.48567 24.57913 24.68018
25.26298 26.06713 26.70581 26.02776 24.5432
23.49159 23.01566 28.78424 28.72968 27.85071
26.666 25.28316 23.57354 22.84541 23.37634
23.64554 22.99625 22.2625 21.92891 27.45049
27.5285 26.85347 25.62518 24.99544 24.37989
23.07436 22.05254 22.01083 22.11245 21.44706
20.27684 19.88296 22.15982 22.16534 22.58721
23.19134 24.16118 25.12807 25.1101 23.50757
21.42197 20.64244 20.63688 19.73623 18.58597
18.05495 18.94853 20.19774 21.47105 22.56028
23.35043 23.52486 23.27512 22.68165 21.33131
20.0637 19.96759 20.05185 19.37211 18.31744
17.74175 18.46119 19.32349 19.69742 19.72813
19.54747 19.13129 18.85057 18.90005 19.29143
19.42089 19.05436 18.98636 18.87413 17.9481
16.12975 15.84654 16.04676 16.32606 16.42222
16.5953 16.80711 16.69633 16.23672 16.43134
17.08256 17.14865 16.88686 17.17461 17.46813
16.0989 12.31672 12.88933 13.39265 13.87721
14.32659 14.80786 15.4072 15.93801 15.60293
14.93974 15.10909 15.70904 15.7049 15.75644
16.52049 16.38353 14.67897 9.487071 9.875871
10.45226 11.19926 12.04657 12.82488 13.50338
14.10378 14.0347 13.54321 13.61898 14.2028
14.58998 14.94104 15.76397 16.16527 15.16503
13.40112 9.006697 9.02752 9.24781 9.520488
9.917131 10.47507 11.10742 11.74789 11.96922
11.94909 12.27897 12.8802 13.34363 13.71963
14.48712 15.12624 14.80834 13.77889 12.04388
9.567816 9.188516 8.676849 8.245161 8.108141
8.42453 9.087189 9.909925 10.35777 10.44595
10.74587 11.32279 11.8451 12.01813 12.49636
13.36983 13.62281 13.39591 12.6948 11.3397
8.055805 8.286876 8.202016 8.068947 7.787102
7.560164 7.87338 8.606214 9.145532 9.287197
9.376881 9.722267 10.34843 10.85552 11.23789
11.6675 11.96675 12.1419 12.06003 11.39547
10.32821
